20253779.219623
20253800.512797
20253821.806868
20253843.101836
20253864.397701
20253885.694462
20253906.992121
20253928.290675
20253949.590127
20253970.890475
20253992.191720
20254013.493862
20254034.796900
20254056.100835
20254077.405666
20254098.711395
20254120.018019
20254141.325541
20254162.633959
20254183.943273
20254205.253484
20254226.564592
20254247.876596
20254269.189497
20254290.503294
20254311.817988
20254333.133578
20254354.450064
20254375.767448
20254397.085727
20254418.404903
20254439.724976
20254461.045944
20254482.367810
20254503.690571
20254525.014229
20254546.338784
20254567.664234
20254588.990582
20254610.317825
20254631.645965
20254652.975001
20254674.304933
20254695.635762
20254716.967487
20254738.300108
20254759.633625
20254780.968039
20254802.303349
20254823.639555
20254844.976657
20254866.314656
20254887.653550
20254908.993341
20254930.334028
20254951.675611
20254973.018090
20254994.361466
20255015.705737
20255037.050905
20255058.396968
20255079.743928
20255101.091784
20255122.440536
20255143.790184
20255165.140727
20255186.492167
20255207.844503
20255229.197735
20255250.551863
20255271.906887
20255293.262806
20255314.619622
20255335.977334
20255357.335941
20255378.695445
20255400.055844
20255421.417139
20255442.779330
20255464.142417
20255485.506400
20255506.871278
20255528.237053
20255549.603723
20255570.971289
20255592.339751
20255613.709108
20255635.079362
20255656.450511
20255677.822555
20255699.195496
20255720.569332
20255741.944064
20255763.319692
20255784.696215
20255806.073634
20255827.451948
20255848.831159
20255870.211264
20255891.592266
20255912.974163
20255934.356956
20255955.740644
20255977.125228
20255998.510707
20256019.897082
20256041.284352
20256062.672518
20256084.061580
20256105.451537
20256126.842389
20256148.234137
20256169.626780
20256191.020319
20256212.414753
20256233.810083
20256255.206308
20256276.603428
20256298.001444
20256319.400355
20256340.800162
20256362.200864
20256383.602461
20256405.004954
20256426.408342
20256447.812625
20256469.217803
20256490.623877
20256512.030846
20256533.438711
20256554.847470
20256576.257125
20256597.667675
20256619.079120
20256640.491460
20256661.904696
20256683.318827
20256704.733853
20256726.149774
20256747.566590
20256768.984301
20256790.402908
20256811.822409
20256833.242806
20256854.664098
20256876.086284
20256897.509366
20256918.933343
20256940.358215
20256961.783982
20256983.210644
20257004.638200
20257026.066652
20257047.495999
20257068.926241
20257090.357378
20257111.789409
20257133.222336
20257154.656157
20257176.090874
20257197.526485
20257218.962991
20257240.400392
20257261.838688
20257283.277878
20257304.717964
20257326.158944
20257347.600819
20257369.043589
20257390.487254
20257411.931813
20257433.377267
20257454.823616
20257476.270860
20257497.718998
20257519.168031
20257540.617959
20257562.068782
20257583.520499
20257604.973110
20257626.426617
20257647.881018
20257669.336314
20257690.792504
20257712.249589
20257733.707568
20257755.166442
20257776.626211
20257798.086874
20257819.548431
20257841.010884
20257862.474230
20257883.938471
20257905.403607
20257926.869637
20257948.336562
20257969.804381
20257991.273094
20258012.742702
20258034.213205
20258055.684601
20258077.156892
20258098.630078
20258120.104158
20258141.579132
20258163.055001
20258184.531764
20258206.009421
20258227.487972
20258248.967418
20258270.447758
20258291.928993
20258313.411121
20258334.894144
20258356.378061
20258377.862873
20258399.348578
20258420.835178
20258442.322672
20258463.811060
20258485.300342
20258506.790519
20258528.281590
20258549.773554
20258571.266413
20258592.760166
20258614.254813
20258635.750354
20258657.246789
20258678.744119
20258700.242342
20258721.741459
20258743.241470
20258764.742376
20258786.244175
20258807.746868
20258829.250456
20258850.754937
20258872.260312
20258893.766581
20258915.273744
20258936.781801
20258958.290752
20258979.800597
20259001.311335
20259022.822968
20259044.335494
20259065.848914
20259087.363228
20259108.878436
20259130.394538
20259151.911533
20259173.429423
20259194.948205
20259216.467882
20259237.988453
20259259.509917
20259281.032275
20259302.555526
20259324.079672
20259345.604711
20259367.130643
20259388.657470
20259410.185190
20259431.713803
20259453.243311
20259474.773711
20259496.305006
20259517.837194
20259539.370276
20259560.904251
20259582.439119
20259603.974882
20259625.511538
20259647.049087
20259668.587530
20259690.126866
20259711.667096
20259733.208219
20259754.750236
20259776.293146
20259797.836949
20259819.381646
20259840.927237
20259862.473721
20259884.021098
20259905.569368
20259927.118532
20259948.668590
20259970.219540
20259991.771384
20260013.324121
20260034.877752
20260056.432276
20260077.987693
20260099.544003
20260121.101207
20260142.659304
20260164.218294
20260185.778177
20260207.338954
20260228.900623
20260250.463186
20260272.026642
20260293.590991
20260315.156234
20260336.722369
20260358.289398
20260379.857320
20260401.426134
20260422.995842
20260444.566443
20260466.137937
20260487.710324
20260509.283604
20260530.857778
20260552.432844
20260574.008803
20260595.585655
20260617.163400
20260638.742038
20260660.321569
20260681.901993
20260703.483310
20260725.065520
20260746.648622
20260768.232618
20260789.817506
20260811.403288
20260832.989962
20260854.577529
20260876.165989
20260897.755341
20260919.345587
20260940.936725
20260962.528756
20260984.121680
20261005.715497
20261027.310206
20261048.905808
20261070.502303
20261092.099690
20261113.697971
20261135.297144
20261156.897209
20261178.498167
20261200.100018
20261221.702762
20261243.306398
20261264.910927
20261286.516348
20261308.122662
20261329.729869
20261351.337968
20261372.946959
20261394.556843
20261416.167620
20261437.779289
20261459.391851
20261481.005305
20261502.619652
20261524.234891
20261545.851023
20261567.468047
20261589.085964
20261610.704773
20261632.324474
20261653.945068
20261675.566554
20261697.188933
20261718.812203
20261740.436367
20261762.061422
20261783.687370
20261805.314210
20261826.941943
20261848.570568
20261870.200085
20261891.830494
20261913.461796
20261935.093990
20261956.727076
20261978.361054
20261999.995925
20262021.631687
20262043.268342
20262064.905889
20262086.544329
20262108.183660
20262129.823883
20262151.464999
20262173.107007
20262194.749907
20262216.393699
20262238.038383
20262259.683959
20262281.330427
20262302.977787
20262324.626039
20262346.275183
20262367.925219
20262389.576148
20262411.227968
20262432.880680
20262454.534284
20262476.188780
20262497.844168
20262519.500448
20262541.157620
20262562.815683
20262584.474639
20262606.134486
20262627.795226
20262649.456857
20262671.119380
20262692.782794
20262714.447101
20262736.112299
20262757.778389
20262779.445371
20262801.113245
20262822.782011
20262844.451668
20262866.122217
20262887.793657
20262909.465990
20262931.139214
20262952.813329
20262974.488337
20262996.164236
20263017.841026
20263039.518709
20263061.197283
20263082.876748
20263104.557105
20263126.238354
20263147.920494
20263169.603526
20263191.287449
20263212.972264
20263234.657970
20263256.344568
20263278.032058
20263299.720439
20263321.409711
20263343.099875
20263364.790930
20263386.482877
20263408.175715
20263429.869445
20263451.564065
20263473.259578
20263494.955982
20263516.653277
20263538.351463
20263560.050541
20263581.750510
20263603.451370
20263625.153122
20263646.855765
20263668.559299
20263690.263725
20263711.969042
20263733.675250
20263755.382349
20263777.090340
20263798.799221
20263820.508994
20263842.219658
20263863.931214
20263885.643660
20263907.356998
20263929.071226
20263950.786346
20263972.502357
20263994.219259
20264015.937052
20264037.655736
20264059.375312
20264081.095778
20264102.817135
20264124.539384
20264146.262523
20264167.986554
20264189.711475
20264211.437287
20264233.163991
20264254.891585
20264276.620070
20264298.349447
20264320.079714
20264341.810872
20264363.542921
20264385.275860
20264407.009691
20264428.744412
20264450.480025
20264472.216528
20264493.953922
20264515.692207
20264537.431383
20264559.171449
20264580.912406
20264602.654254
20264624.396993
20264646.140622
20264667.885142
20264689.630553
20264711.376855
20264733.124047
20264754.872130
20264776.621104
20264798.370968
20264820.121723
20264841.873368
20264863.625905
20264885.379331
20264907.133649
20264928.888857
20264950.644955
20264972.401944
20264994.159824
20265015.918594
20265037.678255
20265059.438806
20265081.200248
20265102.962580
20265124.725802
20265146.489915
20265168.254919
20265190.020813
20265211.787597
20265233.555272
20265255.323837
20265277.093293
20265298.863639
20265320.634875
20265342.407002
20265364.180019
20265385.953927
20265407.728724
20265429.504412
20265451.280991
20265473.058459
20265494.836818
20265516.616067
20265538.396206
20265560.177236
20265581.959156
20265603.741966
20265625.525666
20265647.310256
20265669.095737
20265690.882108
20265712.669369
20265734.457520
20265756.246561
20265778.036492
20265799.827313
20265821.619025
20265843.411626
20265865.205118
20265886.999500
20265908.794771
20265930.590933
20265952.387985
20265974.185926
20265995.984758
20266017.784480
20266039.585091
20266061.386593
20266083.188985
20266104.992266
20266126.796437
20266148.601499
20266170.407450
20266192.214291
20266214.022022
20266235.830643
20266257.640153
20266279.450554
20266301.261844
20266323.074024
20266344.887094
20266366.701054
20266388.515904
20266410.331643
20266432.148272
20266453.965791
20266475.784199
20266497.603497
20266519.423685
20266541.244763
20266563.066730
20266584.889587
20266606.713333
20266628.537970
20266650.363495
20266672.189911
20266694.017216
20266715.845411
20266737.674495
20266759.504469
20266781.335332
20266803.167085
20266824.999728
20266846.833260
20266868.667681
20266890.502992
20266912.339192
20266934.176282
20266956.014262
20266977.853131
20266999.692889
20267021.533537
20267043.375074
20267065.217500
20267087.060816
20267108.905022
20267130.750116
20267152.596100
20267174.442974
20267196.290736
20267218.139388
20267239.988930
20267261.839360
20267283.690680
20267305.542889
20267327.395988
20267349.249975
20267371.104852
20267392.960618
20267414.817274
20267436.674818
20267458.533252
20267480.392575
20267502.252787
20267524.113888
20267545.975878
20267567.838757
20267589.702526
20267611.567184
20267633.432730
20267655.299166
20267677.166491
20267699.034705
20267720.903808
20267742.773800
20267764.644681
20267786.516451
20267808.389110
20267830.262658
20267852.137095
20267874.012421
20267895.888636
20267917.765739
20267939.643732
20267961.522614
20267983.402384
20268005.283043
20268027.164592
20268049.047029
20268070.930355
20268092.814569
20268114.699673
20268136.585665
20268158.472547
20268180.360317
20268202.248975
20268224.138523
20268246.028959
20268267.920284
20268289.812498
20268311.705600
20268333.599592
20268355.494471
20268377.390240
20268399.286897
20268421.184443
20268443.082877
20268464.982201
20268486.882412
20268508.783513
20268530.685501
20268552.588379
20268574.492145
20268596.396800
20268618.302343
20268640.208775
20268662.116095
20268684.024304
20268705.933401
20268727.843386
20268749.754261
20268771.666023
20268793.578674
20268815.492214
20268837.406642
20268859.321958
20268881.238163
20268903.155256
20268925.073238
20268946.992108
20268968.911866
20268990.832512
20269012.754047
20269034.676471
20269056.599782
20269078.523982
20269100.449070
20269122.375046
20269144.301911
20269166.229664
20269188.158305
20269210.087834
20269232.018252
20269253.949557
20269275.881751
20269297.814833
20269319.748804
20269341.683662
20269363.619409
20269385.556043
20269407.493566
20269429.431977
20269451.371276
20269473.311463
20269495.252538
20269517.194501
20269539.137352
20269561.081091
20269583.025718
20269604.971233
20269626.917637
20269648.864928
20269670.813107
20269692.762174
20269714.712129
20269736.662972
20269758.614703
20269780.567322
20269802.520828
20269824.475223
20269846.430505
20269868.386675
20269890.343733
20269912.301679
20269934.260513
20269956.220235
20269978.180844
20270000.142341
20270022.104726
20270044.067999
20270066.032159
20270087.997207
20270109.963143
20270131.929967
20270153.897678
20270175.866277
20270197.835764
20270219.806138
20270241.777400
20270263.749550
20270285.722587
20270307.696512
20270329.671324
20270351.647024
20270373.623612
20270395.601087
20270417.579450
20270439.558700
20270461.538838
20270483.519863
20270505.501776
20270527.484576
20270549.468264
20270571.452839
20270593.438302
20270615.424652
20270637.411890
20270659.400015
20270681.389027
20270703.378927
20270725.369714
20270747.361389
20270769.353951
20270791.347400
20270813.341737
20270835.336961
20270857.333072
20270879.330071
20270901.327957
20270923.326730
20270945.326390
20270967.326938
20270989.328373
20271011.330695
20271033.333904
20271055.338001
20271077.342985
20271099.348856
20271121.355614
20271143.363259
20271165.371791
20271187.381211
20271209.391517
20271231.402711
20271253.414792
20271275.427760
20271297.441615
20271319.456357
20271341.471986
20271363.488502
20271385.505905
20271407.524196
20271429.543373
20271451.563437
20271473.584388
20271495.606226
20271517.628951
20271539.652563
20271561.677062
20271583.702448
20271605.728721
20271627.755880
20271649.783927
20271671.812860
20271693.842680
20271715.873387
20271737.904981
20271759.937462
20271781.970830
20271804.005084
20271826.040225
20271848.076253
20271870.113167
20271892.150969
20271914.189657
20271936.229232
20271958.269693
20271980.311041
20272002.353276
20272024.396398
20272046.440406
20272068.485301
20272090.531082
20272112.577750
20272134.625305
20272156.673747
20272178.723074
20272200.773289
20272222.824390
20272244.876378
20272266.929252
20272288.983012
20272311.037660
20272333.093193
20272355.149614
20272377.206920
20272399.265113
20272421.324193
20272443.384159
20272465.445011
20272487.506750
20272509.569376
20272531.632887
20272553.697285
20272575.762570
20272597.828741
20272619.895798
20272641.963741
20272664.032571
20272686.102287
20272708.172889
20272730.244378
20272752.316753
20272774.390014
20272796.464162
20272818.539195
20272840.615115
20272862.691921
20272884.769614
20272906.848192
20272928.927657
20272951.008008
20272973.089245
20272995.171368
20273017.254377
20273039.338273
20273061.423054
20273083.508722
20273105.595275
20273127.682715
20273149.771041
20273171.860253
20273193.950351
20273216.041335
20273238.133204
20273260.225960
20273282.319602
20273304.414130
20273326.509544
20273348.605844
20273370.703029
20273392.801101
20273414.900058
20273436.999902
20273459.100631
20273481.202246
20273503.304747
20273525.408134
20273547.512407
20273569.617565
20273591.723610
20273613.830540
20273635.938356
20273658.047058
20273680.156645
20273702.267118
20273724.378477
20273746.490722
20273768.603852
20273790.717868
20273812.832770
20273834.948558
20273857.065231
20273879.182790
20273901.301234
20273923.420564
20273945.540780
20273967.661881
20273989.783868
20274011.906741
20274034.030499
20274056.155142
20274078.280672
20274100.407086
20274122.534387
20274144.662572
20274166.791644
20274188.921600
20274211.052442
20274233.184170
20274255.316783
20274277.450282
20274299.584666
20274321.719935
20274343.856090
20274365.993130
20274388.131056
20274410.269867
20274432.409563
20274454.550144
20274476.691611
20274498.833964
20274520.977201
20274543.121324
20274565.266332
20274587.412226
20274609.559004
20274631.706668
20274653.855217
20274676.004652
20274698.154971
20274720.306176
20274742.458266
20274764.611241
20274786.765101
20274808.919847
20274831.075477
20274853.231993
20274875.389394
20274897.547680
20274919.706851
20274941.866907
20274964.027848
20274986.189674
20275008.352385
20275030.515981
20275052.680463
20275074.845829
20275097.012080
20275119.179216
20275141.347237
20275163.516144
20275185.685935
20275207.856611
20275230.028172
20275252.200617
20275274.373948
20275296.548164
20275318.723264
20275340.899249
20275363.076120
20275385.253875
20275407.432514
20275429.612039
20275451.792448
20275473.973743
