1.767529
1.767523
1.767516
1.767509
1.767502
1.767495
1.767488
1.767481
1.767475
1.767468
1.767461
1.767454
1.767447
1.767440
1.767434
1.767427
1.767420
1.767413
1.767406
1.767399
1.767393
1.767386
1.767379
1.767372
1.767365
1.767358
1.767352
1.767345
1.767338
1.767331
1.767324
1.767317
1.767311
1.767304
1.767297
1.767290
1.767283
1.767276
1.767270
1.767263
1.767256
1.767249
1.767242
1.767235
1.767229
1.767222
1.767215
1.767208
1.767201
1.767194
1.767188
1.767181
1.767174
1.767167
1.767160
1.767154
1.767147
1.767140
1.767133
1.767126
1.767119
1.767113
1.767106
1.767099
1.767092
1.767085
1.767078
1.767072
1.767065
1.767058
1.767051
1.767044
1.767037
1.767031
1.767024
1.767017
1.767010
1.767003
1.766997
1.766990
1.766983
1.766976
1.766969
1.766962
1.766956
1.766949
1.766942
1.766935
1.766928
1.766921
1.766915
1.766908
1.766901
1.766894
1.766887
1.766881
1.766874
1.766867
1.766860
1.766853
1.766846
1.766840
1.766833
1.766826
1.766819
1.766812
1.766806
1.766799
1.766792
1.766785
1.766778
1.766771
1.766765
1.766758
1.766751
1.766744
1.766737
1.766731
1.766724
1.766717
1.766710
1.766703
1.766696
1.766690
1.766683
1.766676
1.766669
1.766662
1.766656
1.766649
1.766642
1.766635
1.766628
1.766622
1.766615
1.766608
1.766601
1.766594
1.766587
1.766581
1.766574
1.766567
1.766560
1.766553
1.766547
1.766540
1.766533
1.766526
1.766519
1.766513
1.766506
1.766499
1.766492
1.766485
1.766479
1.766472
1.766465
1.766458
1.766451
1.766444
1.766438
1.766431
1.766424
1.766417
1.766410
1.766404
1.766397
1.766390
1.766383
1.766376
1.766370
1.766363
1.766356
1.766349
1.766342
1.766336
1.766329
1.766322
1.766315
1.766308
1.766302
1.766295
1.766288
1.766281
1.766274
1.766268
1.766261
1.766254
1.766247
1.766240
1.766234
1.766227
1.766220
1.766213
1.766206
1.766200
1.766193
1.766186
1.766179
1.766172
1.766166
1.766159
1.766152
1.766145
1.766138
1.766132
1.766125
1.766118
1.766111
1.766104
1.766098
1.766091
1.766084
1.766077
1.766070
1.766064
1.766057
1.766050
1.766043
1.766036
1.766030
1.766023
1.766016
1.766009
1.766002
1.765996
1.765989
1.765982
1.765975
1.765968
1.765962
1.765955
1.765948
1.765941
1.765934
1.765928
1.765921
1.765914
1.765907
1.765900
1.765894
1.765887
1.765880
1.765873
1.765867
1.765860
1.765853
1.765846
1.765839
1.765833
1.765826
1.765819
1.765812
1.765805
1.765799
1.765792
1.765785
1.765778
1.765771
1.765765
1.765758
1.765751
1.765744
1.765738
1.765731
1.765724
1.765717
1.765710
1.765704
1.765697
1.765690
1.765683
1.765676
1.765670
1.765663
1.765656
1.765649
1.765643
1.765636
1.765629
1.765622
1.765615
1.765609
1.765602
1.765595
1.765588
1.765581
1.765575
1.765568
1.765561
1.765554
1.765548
1.765541
1.765534
1.765527
1.765520
1.765514
1.765507
1.765500
1.765493
1.765487
1.765480
1.765473
1.765466
1.765459
1.765453
1.765446
1.765439
1.765432
1.765426
1.765419
1.765412
1.765405
1.765398
1.765392
1.765385
1.765378
1.765371
1.765365
1.765358
1.765351
1.765344
1.765337
1.765331
1.765324
1.765317
1.765310
1.765304
1.765297
1.765290
1.765283
1.765276
1.765270
1.765263
1.765256
1.765249
1.765243
1.765236
1.765229
1.765222
1.765215
1.765209
1.765202
1.765195
1.765188
1.765182
1.765175
1.765168
1.765161
1.765155
1.765148
1.765141
1.765134
1.765127
1.765121
1.765114
1.765107
1.765100
1.765094
1.765087
1.765080
1.765073
1.765067
1.765060
1.765053
1.765046
1.765039
1.765033
1.765026
1.765019
1.765012
1.765006
1.764999
1.764992
1.764985
1.764979
1.764972
1.764965
1.764958
1.764952
1.764945
1.764938
1.764931
1.764924
1.764918
1.764911
1.764904
1.764897
1.764891
1.764884
1.764877
1.764870
1.764864
1.764857
1.764850
1.764843
1.764837
1.764830
1.764823
1.764816
1.764809
1.764803
1.764796
1.764789
1.764782
1.764776
1.764769
1.764762
1.764755
1.764749
1.764742
1.764735
1.764728
1.764722
1.764715
1.764708
1.764701
1.764695
1.764688
1.764681
1.764674
1.764668
1.764661
1.764654
1.764647
1.764641
1.764634
1.764627
1.764620
1.764614
1.764607
1.764600
1.764593
1.764587
1.764580
1.764573
1.764566
1.764559
1.764553
1.764546
1.764539
1.764532
1.764526
1.764519
1.764512
1.764505
1.764499
1.764492
1.764485
1.764478
1.764472
1.764465
1.764458
1.764451
1.764445
1.764438
1.764431
1.764424
1.764418
1.764411
1.764404
1.764397
1.764391
1.764384
1.764377
1.764370
1.764364
1.764357
1.764350
1.764343
1.764337
1.764330
1.764323
1.764316
1.764310
1.764303
1.764296
1.764289
1.764283
1.764276
1.764269
1.764263
1.764256
1.764249
1.764242
1.764236
1.764229
1.764222
1.764215
1.764209
1.764202
1.764195
1.764188
1.764182
1.764175
1.764168
1.764161
1.764155
1.764148
1.764141
1.764134
1.764128
1.764121
1.764114
1.764107
1.764101
1.764094
1.764087
1.764080
1.764074
1.764067
1.764060
1.764054
1.764047
1.764040
1.764033
1.764027
1.764020
1.764013
1.764006
1.764000
1.763993
1.763986
1.763979
1.763973
1.763966
1.763959
1.763952
1.763946
1.763939
1.763932
1.763926
1.763919
1.763912
1.763905
1.763899
1.763892
1.763885
1.763878
1.763872
1.763865
1.763858
1.763851
1.763845
1.763838
1.763831
1.763825
1.763818
1.763811
1.763804
1.763798
1.763791
1.763784
1.763777
1.763771
1.763764
1.763757
1.763750
1.763744
1.763737
1.763730
1.763724
1.763717
1.763710
1.763703
1.763697
1.763690
1.763683
1.763676
1.763670
1.763663
1.763656
1.763650
1.763643
1.763636
1.763629
1.763623
1.763616
1.763609
1.763602
1.763596
1.763589
1.763582
1.763576
1.763569
1.763562
1.763555
1.763549
1.763542
1.763535
1.763528
1.763522
1.763515
1.763508
1.763502
1.763495
1.763488
1.763481
1.763475
1.763468
1.763461
1.763455
1.763448
1.763441
1.763434
1.763428
1.763421
1.763414
1.763407
1.763401
1.763394
1.763387
1.763381
1.763374
1.763367
1.763360
1.763354
1.763347
1.763340
1.763334
1.763327
1.763320
1.763313
1.763307
1.763300
1.763293
1.763287
1.763280
1.763273
1.763266
1.763260
1.763253
1.763246
1.763240
1.763233
1.763226
1.763219
1.763213
1.763206
1.763199
1.763193
1.763186
1.763179
1.763172
1.763166
1.763159
1.763152
1.763146
1.763139
1.763132
1.763125
1.763119
1.763112
1.763105
1.763099
1.763092
1.763085
1.763078
1.763072
1.763065
1.763058
1.763052
1.763045
1.763038
1.763031
1.763025
1.763018
1.763011
1.763005
1.762998
1.762991
1.762984
1.762978
1.762971
1.762964
1.762958
1.762951
1.762944
1.762938
1.762931
1.762924
1.762917
1.762911
1.762904
1.762897
1.762891
1.762884
1.762877
1.762870
1.762864
1.762857
1.762850
1.762844
1.762837
1.762830
1.762824
1.762817
1.762810
1.762803
1.762797
1.762790
1.762783
1.762777
1.762770
1.762763
1.762756
1.762750
1.762743
1.762736
1.762730
1.762723
1.762716
1.762710
1.762703
1.762696
1.762689
1.762683
1.762676
1.762669
1.762663
1.762656
1.762649
1.762643
1.762636
1.762629
1.762622
1.762616
1.762609
1.762602
1.762596
1.762589
1.762582
1.762576
1.762569
1.762562
1.762556
1.762549
1.762542
1.762535
1.762529
1.762522
1.762515
1.762509
1.762502
1.762495
1.762489
1.762482
1.762475
1.762469
1.762462
1.762455
1.762448
1.762442
1.762435
1.762428
1.762422
1.762415
1.762408
1.762402
1.762395
1.762388
1.762382
1.762375
1.762368
1.762361
1.762355
1.762348
1.762341
1.762335
1.762328
1.762321
1.762315
1.762308
1.762301
1.762295
1.762288
1.762281
1.762274
1.762268
1.762261
1.762254
1.762248
1.762241
1.762234
1.762228
1.762221
1.762214
1.762208
1.762201
1.762194
1.762188
1.762181
1.762174
1.762167
1.762161
1.762154
1.762147
1.762141
1.762134
1.762127
1.762121
1.762114
1.762107
1.762101
1.762094
1.762087
1.762081
1.762074
1.762067
1.762061
1.762054
1.762047
1.762041
1.762034
1.762027
1.762020
1.762014
1.762007
1.762000
1.761994
1.761987
1.761980
1.761974
1.761967
1.761960
1.761954
1.761947
1.761940
1.761934
1.761927
1.761920
1.761914
1.761907
1.761900
1.761894
1.761887
1.761880
1.761874
1.761867
1.761860
1.761854
1.761847
1.761840
1.761834
1.761827
1.761820
1.761813
1.761807
1.761800
1.761793
1.761787
1.761780
1.761773
1.761767
1.761760
1.761753
1.761747
1.761740
1.761733
1.761727
1.761720
1.761713
1.761707
1.761700
1.761693
1.761687
1.761680
1.761673
1.761667
1.761660
1.761653
1.761647
1.761640
1.761633
1.761627
1.761620
1.761613
1.761607
1.761600
1.761593
1.761587
1.761580
1.761573
1.761567
1.761560
1.761553
1.761547
1.761540
1.761533
1.761527
1.761520
1.761513
1.761507
1.761500
1.761493
1.761487
1.761480
1.761473
1.761467
1.761460
1.761453
1.761447
1.761440
1.761433
1.761427
1.761420
1.761413
1.761407
1.761400
1.761393
1.761387
1.761380
1.761373
1.761367
1.761360
1.761353
1.761347
1.761340
1.761333
1.761327
1.761320
1.761313
1.761307
1.761300
1.761293
1.761287
1.761280
1.761273
1.761267
1.761260
1.761254
1.761247
1.761240
1.761234
1.761227
1.761220
1.761214
1.761207
1.761200
1.761194
1.761187
1.761180
1.761174
1.761167
1.761160
1.761154
1.761147
1.761140
1.761134
1.761127
1.761120
1.761114
1.761107
1.761100
1.761094
1.761087
1.761080
1.761074
1.761067
1.761060
1.761054
1.761047
1.761041
1.761034
1.761027
1.761021
1.761014
1.761007
1.761001
1.760994
1.760987
1.760981
1.760974
1.760967
1.760961
1.760954
1.760947
1.760941
1.760934
1.760927
1.760921
1.760914
1.760908
1.760901
1.760894
1.760888
1.760881
1.760874
1.760868
1.760861
1.760854
1.760848
1.760841
1.760834
1.760828
1.760821
1.760814
1.760808
1.760801
