212.922776
212.931744
212.940712
212.949679
212.958647
212.967614
212.976582
212.985549
212.994516
213.003483
213.012449
213.021416
213.030383
213.039349
213.048315
213.057281
213.066248
213.075214
213.084179
213.093145
213.102111
213.111076
213.120041
213.129007
213.137972
213.146937
213.155902
213.164867
213.173831
213.182796
213.191760
213.200724
213.209688
213.218653
213.227616
213.236580
213.245544
213.254507
213.263471
213.272434
213.281397
213.290361
213.299323
213.308286
213.317249
213.326212
213.335174
213.344137
213.353099
213.362061
213.371023
213.379985
213.388946
213.397908
213.406870
213.415831
213.424793
213.433753
213.442715
213.451676
213.460636
213.469597
213.478558
213.487518
213.496478
213.505439
213.514399
213.523359
213.532319
213.541278
213.550238
213.559197
213.568157
213.577116
213.586075
213.595034
213.603993
213.612952
213.621911
213.630869
213.639827
213.648786
213.657744
213.666702
213.675660
213.684618
213.693575
213.702533
213.711490
213.720448
213.729405
213.738362
213.747319
213.756276
213.765233
213.774189
213.783146
213.792102
213.801058
213.810015
213.818971
213.827927
213.836882
213.845838
213.854793
213.863749
213.872704
213.881659
213.890615
213.899569
213.908524
213.917479
213.926433
213.935388
213.944342
213.953296
213.962251
213.971205
213.980158
213.989112
213.998066
214.007019
214.015973
214.024926
214.033879
214.042832
214.051785
214.060738
214.069690
214.078643
214.087595
214.096548
214.105500
214.114452
214.123404
214.132356
214.141308
214.150259
214.159211
214.168162
214.177113
214.186064
214.195015
214.203966
214.212917
214.221867
214.230818
214.239768
214.248719
214.257669
214.266619
214.275569
214.284518
214.293468
214.302418
214.311367
214.320317
214.329266
214.338215
214.347164
214.356112
214.365061
214.374010
214.382958
214.391907
214.400855
214.409803
214.418751
214.427699
214.436647
214.445594
214.454542
214.463489
214.472436
214.481384
214.490331
214.499278
214.508224
214.517171
214.526118
214.535064
214.544010
214.552956
214.561903
214.570848
214.579794
214.588740
214.597686
214.606631
214.615576
214.624522
214.633467
214.642412
214.651357
214.660301
214.669246
214.678191
214.687135
214.696079
214.705023
214.713967
214.722911
214.731855
214.740799
214.749742
214.758686
214.767629
214.776572
214.785515
214.794458
214.803401
214.812344
214.821286
214.830229
214.839171
214.848114
214.857056
214.865998
214.874940
214.883881
214.892823
214.901765
214.910706
214.919647
214.928588
214.937529
214.946470
214.955411
214.964352
214.973292
214.982233
214.991173
215.000113
215.009053
215.017993
215.026933
215.035873
215.044812
215.053752
215.062691
215.071630
215.080570
215.089509
215.098448
215.107386
215.116325
215.125263
215.134202
215.143140
215.152078
215.161016
215.169954
215.178892
215.187830
215.196767
215.205705
215.214642
215.223579
215.232516
215.241453
215.250390
215.259327
215.268263
215.277200
215.286136
215.295072
215.304009
215.312944
215.321881
215.330816
215.339752
215.348687
215.357623
215.366558
215.375493
215.384428
215.393363
215.402298
215.411233
215.420167
215.429102
215.438036
215.446970
215.455904
215.464838
215.473772
215.482706
215.491639
215.500573
215.509506
215.518439
215.527372
215.536305
215.545238
215.554171
215.563104
215.572036
215.580969
215.589901
215.598833
215.607765
215.616697
215.625629
215.634561
215.643492
215.652423
215.661355
215.670286
215.679217
215.688148
215.697079
215.706010
215.714940
215.723871
215.732801
215.741731
215.750661
215.759591
215.768521
215.777451
215.786380
215.795310
215.804239
215.813169
215.822098
215.831027
215.839956
215.848884
215.857813
215.866742
215.875670
215.884599
215.893527
215.902455
215.911383
215.920311
215.929238
215.938166
215.947093
215.956021
215.964948
215.973875
215.982802
215.991729
216.000656
216.009582
216.018509
216.027435
216.036362
216.045288
216.054214
216.063140
216.072065
216.080991
216.089916
216.098842
216.107767
216.116692
216.125618
216.134542
216.143467
216.152392
216.161317
216.170241
216.179165
216.188090
216.197014
216.205938
216.214862
216.223785
216.232709
216.241633
216.250556
216.259479
216.268402
216.277325
216.286248
216.295171
216.304094
216.313016
216.321939
216.330861
216.339783
216.348705
216.357627
216.366549
216.375471
216.384392
216.393314
216.402235
216.411156
216.420077
216.428998
216.437919
216.446840
216.455761
216.464681
216.473601
216.482522
216.491442
216.500362
216.509282
216.518201
216.527121
216.536041
216.544960
216.553880
216.562799
216.571718
216.580637
216.589555
216.598474
216.607393
216.616311
216.625229
216.634148
216.643066
216.651984
216.660902
216.669819
216.678737
216.687655
216.696572
216.705489
216.714406
216.723323
216.732240
216.741157
216.750074
216.758990
216.767907
216.776823
216.785739
216.794655
216.803571
216.812487
216.821403
216.830318
216.839234
216.848149
216.857064
216.865979
216.874894
216.883809
216.892724
216.901638
216.910553
216.919467
216.928381
216.937295
216.946209
216.955123
216.964037
216.972951
216.981864
216.990778
216.999691
217.008604
217.017517
217.026430
217.035343
217.044256
217.053168
217.062081
217.070993
217.079905
217.088817
217.097729
217.106641
217.115553
217.124464
217.133376
217.142287
217.151198
217.160109
217.169020
217.177931
217.186842
217.195753
217.204663
217.213574
217.222484
217.231394
217.240304
217.249214
217.258124
217.267034
217.275943
217.284853
217.293762
217.302671
217.311580
217.320489
217.329398
217.338306
217.347215
217.356124
217.365032
217.373940
217.382848
217.391756
217.400664
217.409572
217.418480
217.427387
217.436294
217.445202
217.454109
217.463016
217.471923
217.480829
217.489736
217.498643
217.507549
217.516455
217.525362
217.534268
217.543174
217.552080
217.560985
217.569891
217.578796
217.587701
217.596607
217.605512
217.614417
217.623322
217.632226
217.641131
217.650035
217.658940
217.667844
217.676748
217.685652
217.694556
217.703460
217.712364
217.721267
217.730171
217.739074
217.747977
217.756880
217.765783
217.774686
217.783588
217.792491
217.801393
217.810296
217.819198
217.828100
217.837002
217.845904
217.854806
217.863707
217.872609
217.881510
217.890411
217.899312
217.908213
217.917114
217.926015
217.934916
217.943816
217.952717
217.961617
217.970517
217.979417
217.988317
217.997217
218.006117
218.015016
218.023916
218.032815
218.041714
218.050613
218.059512
218.068411
218.077310
218.086208
218.095107
218.104005
218.112903
218.121801
218.130699
218.139597
218.148495
218.157393
218.166290
218.175187
218.184085
218.192982
218.201879
218.210776
218.219673
218.228569
218.237466
218.246362
218.255259
218.264155
218.273051
218.281947
218.290843
218.299738
218.308634
218.317529
218.326425
218.335320
218.344215
218.353110
218.362005
218.370899
218.379794
218.388688
218.397583
218.406477
218.415371
218.424265
218.433159
218.442053
218.450947
218.459840
218.468734
218.477627
218.486520
218.495413
218.504306
218.513199
218.522091
218.530984
218.539876
218.548769
218.557661
218.566553
218.575445
218.584337
218.593228
218.602120
218.611012
218.619903
218.628794
218.637685
218.646576
218.655467
218.664358
218.673249
218.682139
218.691030
218.699920
218.708810
218.717700
218.726590
218.735480
218.744369
218.753259
218.762148
218.771038
218.779927
218.788816
218.797705
218.806594
218.815482
218.824371
218.833259
218.842148
218.851036
218.859924
218.868812
218.877700
218.886588
218.895475
218.904363
218.913250
218.922137
218.931025
218.939912
218.948798
218.957685
218.966572
218.975459
218.984345
218.993231
219.002117
219.011003
219.019889
219.028775
219.037661
219.046546
219.055432
219.064317
219.073202
219.082087
219.090972
219.099857
219.108742
219.117626
219.126511
219.135395
219.144279
219.153164
219.162048
219.170931
219.179815
219.188699
219.197583
219.206466
219.215349
219.224232
219.233115
219.241998
219.250881
219.259764
219.268646
219.277529
219.286411
219.295293
219.304175
219.313057
219.321939
219.330821
219.339702
219.348584
219.357465
219.366346
219.375227
219.384108
219.392989
219.401870
219.410751
219.419631
219.428511
219.437392
219.446272
219.455152
219.464032
219.472911
219.481791
219.490671
219.499550
219.508430
219.517308
219.526188
219.535067
219.543945
219.552824
219.561703
219.570581
219.579459
219.588338
219.597216
219.606093
219.614971
219.623849
219.632727
219.641604
219.650481
219.659359
219.668236
219.677113
219.685990
219.694866
219.703743
219.712620
219.721496
219.730372
219.739248
219.748124
219.757000
219.765876
219.774752
219.783627
219.792503
219.801378
219.810253
219.819128
219.828003
219.836878
219.845753
219.854627
219.863502
219.872376
219.881250
219.890125
219.898998
219.907872
219.916746
219.925620
219.934493
219.943366
219.952240
219.961113
219.969986
219.978859
219.987731
219.996604
220.005477
220.014349
220.023221
220.032093
220.040966
220.049837
220.058709
220.067581
220.076452
220.085324
220.094195
220.103066
220.111938
220.120809
220.129679
220.138550
220.147421
220.156291
220.165161
220.174032
220.182902
220.191772
220.200642
220.209511
220.218381
220.227250
220.236120
220.244989
220.253858
220.262727
220.271596
220.280465
220.289334
220.298202
220.307071
220.315939
220.324807
220.333675
220.342543
220.351411
220.360278
220.369146
220.378014
220.386881
220.395748
220.404615
220.413482
220.422349
220.431216
220.440082
220.448949
220.457815
220.466681
220.475547
220.484414
220.493279
220.502145
220.511011
220.519876
220.528742
220.537607
220.546472
220.555337
220.564202
220.573067
220.581931
220.590796
220.599660
220.608524
220.617389
220.626253
220.635117
220.643981
220.652844
220.661708
220.670571
220.679435
220.688298
220.697161
220.706024
220.714887
220.723749
220.732612
220.741475
220.750337
220.759199
220.768061
220.776923
220.785785
220.794647
220.803509
220.812370
220.821232
220.830093
220.838954
220.847815
220.856676
220.865537
220.874397
220.883258
220.892118
220.900979
220.909839
220.918699
220.927559
220.936419
220.945278
220.954138
220.962997
220.971857
220.980716
220.989575
220.998434
221.007293
221.016152
221.025010
221.033869
221.042727
221.051585
221.060444
221.069301
221.078159
221.087017
221.095875
221.104732
221.113590
221.122447
221.131304
221.140161
221.149018
221.157875
221.166732
221.175588
221.184445
221.193301
221.202157
221.211013
221.219869
221.228725
221.237581
221.246436
221.255292
221.264147
221.273002
221.281858
221.290712
221.299567
221.308422
221.317277
221.326131
221.334985
221.343840
221.352694
221.361548
221.370402
221.379256
221.388109
221.396963
221.405816
221.414670
221.423522
221.432376
221.441229
221.450081
221.458934
221.467787
221.476639
221.485491
221.494343
221.503196
221.512048
221.520899
221.529751
221.538603
221.547454
221.556306
221.565157
221.574008
221.582859
221.591710
221.600561
221.609411
221.618262
221.627112
221.635962
221.644812
221.653662
221.662512
221.671362
221.680212
221.689061
221.697911
221.706760
221.715609
221.724458
221.733307
221.742156
221.751005
221.759853
221.768702
221.777550
221.786398
221.795246
221.804094
221.812942
