20252779.219623
20252800.512797
20252821.806868
20252843.101836
20252864.397701
20252885.694462
20252906.992121
20252928.290675
20252949.590127
20252970.890475
20252992.191720
20253013.493862
20253034.796900
20253056.100835
20253077.405666
20253098.711395
20253120.018019
20253141.325541
20253162.633959
20253183.943273
20253205.253484
20253226.564592
20253247.876596
20253269.189497
20253290.503294
20253311.817988
20253333.133578
20253354.450064
20253375.767448
20253397.085727
20253418.404903
20253439.724976
20253461.045944
20253482.367810
20253503.690571
20253525.014229
20253546.338784
20253567.664234
20253588.990582
20253610.317825
20253631.645965
20253652.975001
20253674.304933
20253695.635762
20253716.967487
20253738.300108
20253759.633625
20253780.968039
20253802.303349
20253823.639555
20253844.976657
20253866.314656
20253887.653550
20253908.993341
20253930.334028
20253951.675611
20253973.018090
20253994.361466
20254015.705737
20254037.050905
20254058.396968
20254079.743928
20254101.091784
20254122.440536
20254143.790184
20254165.140727
20254186.492167
20254207.844503
20254229.197735
20254250.551863
20254271.906887
20254293.262806
20254314.619622
20254335.977334
20254357.335941
20254378.695445
20254400.055844
20254421.417139
20254442.779330
20254464.142417
20254485.506400
20254506.871278
20254528.237053
20254549.603723
20254570.971289
20254592.339751
20254613.709108
20254635.079362
20254656.450511
20254677.822555
20254699.195496
20254720.569332
20254741.944064
20254763.319692
20254784.696215
20254806.073634
20254827.451948
20254848.831159
20254870.211264
20254891.592266
20254912.974163
20254934.356956
20254955.740644
20254977.125228
20254998.510707
20255019.897082
20255041.284352
20255062.672518
20255084.061580
20255105.451537
20255126.842389
20255148.234137
20255169.626780
20255191.020319
20255212.414753
20255233.810083
20255255.206308
20255276.603428
20255298.001444
20255319.400355
20255340.800162
20255362.200864
20255383.602461
20255405.004954
20255426.408342
20255447.812625
20255469.217803
20255490.623877
20255512.030846
20255533.438711
20255554.847470
20255576.257125
20255597.667675
20255619.079120
20255640.491460
20255661.904696
20255683.318827
20255704.733853
20255726.149774
20255747.566590
20255768.984301
20255790.402908
20255811.822409
20255833.242806
20255854.664098
20255876.086284
20255897.509366
20255918.933343
20255940.358215
20255961.783982
20255983.210644
20256004.638200
20256026.066652
20256047.495999
20256068.926241
20256090.357378
20256111.789409
20256133.222336
20256154.656157
20256176.090874
20256197.526485
20256218.962991
20256240.400392
20256261.838688
20256283.277878
20256304.717964
20256326.158944
20256347.600819
20256369.043589
20256390.487254
20256411.931813
20256433.377267
20256454.823616
20256476.270860
20256497.718998
20256519.168031
20256540.617959
20256562.068782
20256583.520499
20256604.973110
20256626.426617
20256647.881018
20256669.336314
20256690.792504
20256712.249589
20256733.707568
20256755.166442
20256776.626211
20256798.086874
20256819.548431
20256841.010884
20256862.474230
20256883.938471
20256905.403607
20256926.869637
20256948.336562
20256969.804381
20256991.273094
20257012.742702
20257034.213205
20257055.684601
20257077.156892
20257098.630078
20257120.104158
20257141.579132
20257163.055001
20257184.531764
20257206.009421
20257227.487972
20257248.967418
20257270.447758
20257291.928993
20257313.411121
20257334.894144
20257356.378061
20257377.862873
20257399.348578
20257420.835178
20257442.322672
20257463.811060
20257485.300342
20257506.790519
20257528.281590
20257549.773554
20257571.266413
20257592.760166
20257614.254813
20257635.750354
20257657.246789
20257678.744119
20257700.242342
20257721.741459
20257743.241470
20257764.742376
20257786.244175
20257807.746868
20257829.250456
20257850.754937
20257872.260312
20257893.766581
20257915.273744
20257936.781801
20257958.290752
20257979.800597
20258001.311335
20258022.822968
20258044.335494
20258065.848914
20258087.363228
20258108.878436
20258130.394538
20258151.911533
20258173.429423
20258194.948205
20258216.467882
20258237.988453
20258259.509917
20258281.032275
20258302.555526
20258324.079672
20258345.604711
20258367.130643
20258388.657470
20258410.185190
20258431.713803
20258453.243311
20258474.773711
20258496.305006
20258517.837194
20258539.370276
20258560.904251
20258582.439119
20258603.974882
20258625.511538
20258647.049087
20258668.587530
20258690.126866
20258711.667096
20258733.208219
20258754.750236
20258776.293146
20258797.836949
20258819.381646
20258840.927237
20258862.473721
20258884.021098
20258905.569368
20258927.118532
20258948.668590
20258970.219540
20258991.771384
20259013.324121
20259034.877752
20259056.432276
20259077.987693
20259099.544003
20259121.101207
20259142.659304
20259164.218294
20259185.778177
20259207.338954
20259228.900623
20259250.463186
20259272.026642
20259293.590991
20259315.156234
20259336.722369
20259358.289398
20259379.857320
20259401.426134
20259422.995842
20259444.566443
20259466.137937
20259487.710324
20259509.283604
20259530.857778
20259552.432844
20259574.008803
20259595.585655
20259617.163400
20259638.742038
20259660.321569
20259681.901993
20259703.483310
20259725.065520
20259746.648622
20259768.232618
20259789.817506
20259811.403288
20259832.989962
20259854.577529
20259876.165989
20259897.755341
20259919.345587
20259940.936725
20259962.528756
20259984.121680
20260005.715497
20260027.310206
20260048.905808
20260070.502303
20260092.099690
20260113.697971
20260135.297144
20260156.897209
20260178.498167
20260200.100018
20260221.702762
20260243.306398
20260264.910927
20260286.516348
20260308.122662
20260329.729869
20260351.337968
20260372.946959
20260394.556843
20260416.167620
20260437.779289
20260459.391851
20260481.005305
20260502.619652
20260524.234891
20260545.851023
20260567.468047
20260589.085964
20260610.704773
20260632.324474
20260653.945068
20260675.566554
20260697.188933
20260718.812203
20260740.436367
20260762.061422
20260783.687370
20260805.314210
20260826.941943
20260848.570568
20260870.200085
20260891.830494
20260913.461796
20260935.093990
20260956.727076
20260978.361054
20260999.995925
20261021.631687
20261043.268342
20261064.905889
20261086.544329
20261108.183660
20261129.823883
20261151.464999
20261173.107007
20261194.749907
20261216.393699
20261238.038383
20261259.683959
20261281.330427
20261302.977787
20261324.626039
20261346.275183
20261367.925219
20261389.576148
20261411.227968
20261432.880680
20261454.534284
20261476.188780
20261497.844168
20261519.500448
20261541.157620
20261562.815683
20261584.474639
20261606.134486
20261627.795226
20261649.456857
20261671.119380
20261692.782794
20261714.447101
20261736.112299
20261757.778389
20261779.445371
20261801.113245
20261822.782011
20261844.451668
20261866.122217
20261887.793657
20261909.465990
20261931.139214
20261952.813329
20261974.488337
20261996.164236
20262017.841026
20262039.518709
20262061.197283
20262082.876748
20262104.557105
20262126.238354
20262147.920494
20262169.603526
20262191.287449
20262212.972264
20262234.657970
20262256.344568
20262278.032058
20262299.720439
20262321.409711
20262343.099875
20262364.790930
20262386.482877
20262408.175715
20262429.869445
20262451.564065
20262473.259578
20262494.955982
20262516.653277
20262538.351463
20262560.050541
20262581.750510
20262603.451370
20262625.153122
20262646.855765
20262668.559299
20262690.263725
20262711.969042
20262733.675250
20262755.382349
20262777.090340
20262798.799221
20262820.508994
20262842.219658
20262863.931214
20262885.643660
20262907.356998
20262929.071226
20262950.786346
20262972.502357
20262994.219259
20263015.937052
20263037.655736
20263059.375312
20263081.095778
20263102.817135
20263124.539384
20263146.262523
20263167.986554
20263189.711475
20263211.437287
20263233.163991
20263254.891585
20263276.620070
20263298.349447
20263320.079714
20263341.810872
20263363.542921
20263385.275860
20263407.009691
20263428.744412
20263450.480025
20263472.216528
20263493.953922
20263515.692207
20263537.431383
20263559.171449
20263580.912406
20263602.654254
20263624.396993
20263646.140622
20263667.885142
20263689.630553
20263711.376855
20263733.124047
20263754.872130
20263776.621104
20263798.370968
20263820.121723
20263841.873368
20263863.625905
20263885.379331
20263907.133649
20263928.888857
20263950.644955
20263972.401944
20263994.159824
20264015.918594
20264037.678255
20264059.438806
20264081.200248
20264102.962580
20264124.725802
20264146.489915
20264168.254919
20264190.020813
20264211.787597
20264233.555272
20264255.323837
20264277.093293
20264298.863639
20264320.634875
20264342.407002
20264364.180019
20264385.953927
20264407.728724
20264429.504412
20264451.280991
20264473.058459
20264494.836818
20264516.616067
20264538.396206
20264560.177236
20264581.959156
20264603.741966
20264625.525666
20264647.310256
20264669.095737
20264690.882108
20264712.669369
20264734.457520
20264756.246561
20264778.036492
20264799.827313
20264821.619025
20264843.411626
20264865.205118
20264886.999500
20264908.794771
20264930.590933
20264952.387985
20264974.185926
20264995.984758
20265017.784480
20265039.585091
20265061.386593
20265083.188985
20265104.992266
20265126.796437
20265148.601499
20265170.407450
20265192.214291
20265214.022022
20265235.830643
20265257.640153
20265279.450554
20265301.261844
20265323.074024
20265344.887094
20265366.701054
20265388.515904
20265410.331643
20265432.148272
20265453.965791
20265475.784199
20265497.603497
20265519.423685
20265541.244763
20265563.066730
20265584.889587
20265606.713333
20265628.537970
20265650.363495
20265672.189911
20265694.017216
20265715.845411
20265737.674495
20265759.504469
20265781.335332
20265803.167085
20265824.999728
20265846.833260
20265868.667681
20265890.502992
20265912.339192
20265934.176282
20265956.014262
20265977.853131
20265999.692889
20266021.533537
20266043.375074
20266065.217500
20266087.060816
20266108.905022
20266130.750116
20266152.596100
20266174.442974
20266196.290736
20266218.139388
20266239.988930
20266261.839360
20266283.690680
20266305.542889
20266327.395988
20266349.249975
20266371.104852
20266392.960618
20266414.817274
20266436.674818
20266458.533252
20266480.392575
20266502.252787
20266524.113888
20266545.975878
20266567.838757
20266589.702526
20266611.567184
20266633.432730
20266655.299166
20266677.166491
20266699.034705
20266720.903808
20266742.773800
20266764.644681
20266786.516451
20266808.389110
20266830.262658
20266852.137095
20266874.012421
20266895.888636
20266917.765739
20266939.643732
20266961.522614
20266983.402384
20267005.283043
20267027.164592
20267049.047029
20267070.930355
20267092.814569
20267114.699673
20267136.585665
20267158.472547
20267180.360317
20267202.248975
20267224.138523
20267246.028959
20267267.920284
20267289.812498
20267311.705600
20267333.599592
20267355.494471
20267377.390240
20267399.286897
20267421.184443
20267443.082877
20267464.982201
20267486.882412
20267508.783513
20267530.685501
20267552.588379
20267574.492145
20267596.396800
20267618.302343
20267640.208775
20267662.116095
20267684.024304
20267705.933401
20267727.843386
20267749.754261
20267771.666023
20267793.578674
20267815.492214
20267837.406642
20267859.321958
20267881.238163
20267903.155256
20267925.073238
20267946.992108
20267968.911866
20267990.832512
20268012.754047
20268034.676471
20268056.599782
20268078.523982
20268100.449070
20268122.375046
20268144.301911
20268166.229664
20268188.158305
20268210.087834
20268232.018252
20268253.949557
20268275.881751
20268297.814833
20268319.748804
20268341.683662
20268363.619409
20268385.556043
20268407.493566
20268429.431977
20268451.371276
20268473.311463
20268495.252538
20268517.194501
20268539.137352
20268561.081091
20268583.025718
20268604.971233
20268626.917637
20268648.864928
20268670.813107
20268692.762174
20268714.712129
20268736.662972
20268758.614703
20268780.567322
20268802.520828
20268824.475223
20268846.430505
20268868.386675
20268890.343733
20268912.301679
20268934.260513
20268956.220235
20268978.180844
20269000.142341
20269022.104726
20269044.067999
20269066.032159
20269087.997207
20269109.963143
20269131.929967
20269153.897678
20269175.866277
20269197.835764
20269219.806138
20269241.777400
20269263.749550
20269285.722587
20269307.696512
20269329.671324
20269351.647024
20269373.623612
20269395.601087
20269417.579450
20269439.558700
20269461.538838
20269483.519863
20269505.501776
20269527.484576
20269549.468264
20269571.452839
20269593.438302
20269615.424652
20269637.411890
20269659.400015
20269681.389027
20269703.378927
20269725.369714
20269747.361389
20269769.353951
20269791.347400
20269813.341737
20269835.336961
20269857.333072
20269879.330071
20269901.327957
20269923.326730
20269945.326390
20269967.326938
20269989.328373
20270011.330695
20270033.333904
20270055.338001
20270077.342985
20270099.348856
20270121.355614
20270143.363259
20270165.371791
20270187.381211
20270209.391517
20270231.402711
20270253.414792
20270275.427760
20270297.441615
20270319.456357
20270341.471986
20270363.488502
20270385.505905
20270407.524196
20270429.543373
20270451.563437
20270473.584388
20270495.606226
20270517.628951
20270539.652563
20270561.677062
20270583.702448
20270605.728721
20270627.755880
20270649.783927
20270671.812860
20270693.842680
20270715.873387
20270737.904981
20270759.937462
20270781.970830
20270804.005084
20270826.040225
20270848.076253
20270870.113167
20270892.150969
20270914.189657
20270936.229232
20270958.269693
20270980.311041
20271002.353276
20271024.396398
20271046.440406
20271068.485301
20271090.531082
20271112.577750
20271134.625305
20271156.673747
20271178.723074
20271200.773289
20271222.824390
20271244.876378
20271266.929252
20271288.983012
20271311.037660
20271333.093193
20271355.149614
20271377.206920
20271399.265113
20271421.324193
20271443.384159
20271465.445011
20271487.506750
20271509.569376
20271531.632887
20271553.697285
20271575.762570
20271597.828741
20271619.895798
20271641.963741
20271664.032571
20271686.102287
20271708.172889
20271730.244378
20271752.316753
20271774.390014
20271796.464162
20271818.539195
20271840.615115
20271862.691921
20271884.769614
20271906.848192
20271928.927657
20271951.008008
20271973.089245
20271995.171368
20272017.254377
20272039.338273
20272061.423054
20272083.508722
20272105.595275
20272127.682715
20272149.771041
20272171.860253
20272193.950351
20272216.041335
20272238.133204
20272260.225960
20272282.319602
20272304.414130
20272326.509544
20272348.605844
20272370.703029
20272392.801101
20272414.900058
20272436.999902
20272459.100631
20272481.202246
20272503.304747
20272525.408134
20272547.512407
20272569.617565
20272591.723610
20272613.830540
20272635.938356
20272658.047058
20272680.156645
20272702.267118
20272724.378477
20272746.490722
20272768.603852
20272790.717868
20272812.832770
20272834.948558
20272857.065231
20272879.182790
20272901.301234
20272923.420564
20272945.540780
20272967.661881
20272989.783868
20273011.906741
20273034.030499
20273056.155142
20273078.280672
20273100.407086
20273122.534387
20273144.662572
20273166.791644
20273188.921600
20273211.052442
20273233.184170
20273255.316783
20273277.450282
20273299.584666
20273321.719935
20273343.856090
20273365.993130
20273388.131056
20273410.269867
20273432.409563
20273454.550144
20273476.691611
20273498.833964
20273520.977201
20273543.121324
20273565.266332
20273587.412226
20273609.559004
20273631.706668
20273653.855217
20273676.004652
20273698.154971
20273720.306176
20273742.458266
20273764.611241
20273786.765101
20273808.919847
20273831.075477
20273853.231993
20273875.389394
20273897.547680
20273919.706851
20273941.866907
20273964.027848
20273986.189674
20274008.352385
20274030.515981
20274052.680463
20274074.845829
20274097.012080
20274119.179216
20274141.347237
20274163.516144
20274185.685935
20274207.856611
20274230.028172
20274252.200617
20274274.373948
20274296.548164
20274318.723264
20274340.899249
20274363.076120
20274385.253875
20274407.432514
20274429.612039
20274451.792448
20274473.973743
